%YAML:1.0
---
M1: !!opencv-matrix
   rows: 3
   cols: 3
   dt: d
   data: [ 1593.0033880919505, 0., 1103.9739882716174, 0.,
       1620.827304707341, 630.32866159404318, 0., 0., 1. ]
D1: !!opencv-matrix
   rows: 1
   cols: 14
   dt: d
   data: [ -0.074818187119105789, -0.030806415958279685, 0., 0., 0., 0.,
       0., 0.074338993388248439, 0., 0., 0., 0., 0., 0. ]
M2: !!opencv-matrix
   rows: 3
   cols: 3
   dt: d
   data: [ 1593.0033880919505, 0., 1074.9667552844198, 0.,
       1620.827304707341, 594.93024822845848, 0., 0., 1. ]
D2: !!opencv-matrix
   rows: 1
   cols: 14
   dt: d
   data: [ -0.030852336499304852, -0.16325831885088668, 0., 0., 0., 0.,
       0., -0.031412132906755409, 0., 0., 0., 0., 0., 0. ]
