%YAML:1.0
---
R: !!opencv-matrix
   rows: 3
   cols: 3
   dt: d
   data: [ 0.99643943972726534, -0.0012450035237302841,
       0.084302389777748676, 0.0025413152345834899, 0.99988015641064598,
       -0.015271363171003492, -0.084273273775806512,
       0.015431227509440301, 0.99632318679465648 ]
T: !!opencv-matrix
   rows: 3
   cols: 1
   dt: d
   data: [ -121.56498988424967, -0.87603500672308465, 7.2399613315109228 ]
R1: !!opencv-matrix
   rows: 3
   cols: 3
   dt: d
   data: [ 0.99967950806448114, 0.0050323687037949769,
       0.024810409532819461, -0.0048386430769942436, 0.99995738654868604,
       -0.0078621002216418198, -0.024848917262742253,
       0.0077395317656011745, 0.99966125810642414 ]
R2: !!opencv-matrix
   rows: 3
   cols: 3
   dt: d
   data: [ 0.99820540042081218, 0.0071933775958147447,
       -0.059449422953382791, -0.0067291591038701713,
       0.99994531653668617, 0.0080051454765839199, 0.059503756087166182,
       -0.0075907348201937177, 0.99819922047475507 ]
P1: !!opencv-matrix
   rows: 3
   cols: 4
   dt: d
   data: [ 1304.0111206014151, 0., 1123.6210632324219, 0., 0.,
       1304.0111206014151, 609.87228393554688, 0., 0., 0., 1., 0. ]
P2: !!opencv-matrix
   rows: 3
   cols: 4
   dt: d
   data: [ 1304.0111206014151, 0., 1123.6210632324219,
       -158807.09382861695, 0., 1304.0111206014151, 609.87228393554688,
       0., 0., 0., 1., 0. ]
Q: !!opencv-matrix
   rows: 4
   cols: 4
   dt: d
   data: [ 1., 0., 0., -1123.6210632324219, 0., 1., 0.,
       -609.87228393554688, 0., 0., 0., 1304.0111206014151, 0., 0.,
       0.0082112901203814665, 0. ]
